# Made in Blockbench 4.9.4
mtllib Monster.mtl

o cube
v 0.5 1.25 0.0625
v 0.5 1.25 -0.1875
v 0.5 0 0.0625
v 0.5 0 -0.1875
v 0.1875 1.25 -0.1875
v 0.1875 1.25 0.0625
v 0.1875 0 -0.1875
v 0.1875 0 0.0625
vt 0.453125 0.546875
vt 0.4921875 0.546875
vt 0.4921875 0.390625
vt 0.453125 0.390625
vt 0.421875 0.546875
vt 0.453125 0.546875
vt 0.453125 0.390625
vt 0.421875 0.390625
vt 0.5234375 0.546875
vt 0.5625 0.546875
vt 0.5625 0.390625
vt 0.5234375 0.390625
vt 0.4921875 0.546875
vt 0.5234375 0.546875
vt 0.5234375 0.390625
vt 0.4921875 0.390625
vt 0.4921875 0.546875
vt 0.453125 0.546875
vt 0.453125 0.578125
vt 0.4921875 0.578125
vt 0.53125 0.578125
vt 0.4921875 0.578125
vt 0.4921875 0.546875
vt 0.53125 0.546875
vn 0 0 -1
vn 1 0 0
vn 0 0 1
vn -1 0 0
vn 0 1 0
vn 0 -1 0
usemtl m_f8295811-6532-1899-a252-e3df10d168ac
f 4/4/1 7/3/1 5/2/1 2/1/1
f 3/8/2 4/7/2 2/6/2 1/5/2
f 8/12/3 3/11/3 1/10/3 6/9/3
f 7/16/4 8/15/4 6/14/4 5/13/4
f 6/20/5 1/19/5 2/18/5 5/17/5
f 7/24/6 4/23/6 3/22/6 8/21/6
o cube
v 0.5 1.8430078286800953 0.6715492486957908
v 0.5 2.01190538058401 0.4872299144932597
v 0.5 1.1518103254206036 0.0381834290561095
v 0.5 1.3207078773245189 -0.1461359051464216
v 0.1875 2.01190538058401 0.4872299144932597
v 0.1875 1.8430078286800953 0.6715492486957908
v 0.1875 1.3207078773245189 -0.1461359051464216
v 0.1875 1.1518103254206036 0.0381834290561095
vt 0.484375 0.96875
vt 0.5234375 0.96875
vt 0.5234375 0.8515625
vt 0.484375 0.8515625
vt 0.453125 0.96875
vt 0.484375 0.96875
vt 0.484375 0.8515625
vt 0.453125 0.8515625
vt 0.5546875 0.96875
vt 0.59375 0.96875
vt 0.59375 0.8515625
vt 0.5546875 0.8515625
vt 0.5234375 0.96875
vt 0.5546875 0.96875
vt 0.5546875 0.8515625
vt 0.5234375 0.8515625
vt 0.5234375 0.96875
vt 0.484375 0.96875
vt 0.484375 1
vt 0.5234375 1
vt 0.5625 1
vt 0.5234375 1
vt 0.5234375 0.96875
vt 0.5625 0.96875
vn 0 0.6755902076156601 -0.7372773368101242
vn 1 0 0
vn 0 -0.6755902076156601 0.7372773368101242
vn -1 0 0
vn 0 0.7372773368101242 0.6755902076156601
vn 0 -0.7372773368101242 -0.6755902076156601
usemtl m_f8295811-6532-1899-a252-e3df10d168ac
f 12/28/7 15/27/7 13/26/7 10/25/7
f 11/32/8 12/31/8 10/30/8 9/29/8
f 16/36/9 11/35/9 9/34/9 14/33/9
f 15/40/10 16/39/10 14/38/10 13/37/10
f 14/44/11 9/43/11 10/42/11 13/41/11
f 15/48/12 12/47/12 11/46/12 16/45/12
o cube
v -0.2749999999999999 1.25 0.0625
v -0.2749999999999999 1.25 -0.1875
v -0.2749999999999999 0 0.0625
v -0.2749999999999999 0 -0.1875
v -0.5874999999999999 1.25 -0.1875
v -0.5874999999999999 1.25 0.0625
v -0.5874999999999999 0 -0.1875
v -0.5874999999999999 0 0.0625
vt 0.265625 0.734375
vt 0.3046875 0.734375
vt 0.3046875 0.578125
vt 0.265625 0.578125
vt 0.234375 0.734375
vt 0.265625 0.734375
vt 0.265625 0.578125
vt 0.234375 0.578125
vt 0.3359375 0.734375
vt 0.375 0.734375
vt 0.375 0.578125
vt 0.3359375 0.578125
vt 0.3046875 0.734375
vt 0.3359375 0.734375
vt 0.3359375 0.578125
vt 0.3046875 0.578125
vt 0.3046875 0.734375
vt 0.265625 0.734375
vt 0.265625 0.765625
vt 0.3046875 0.765625
vt 0.34375 0.765625
vt 0.3046875 0.765625
vt 0.3046875 0.734375
vt 0.34375 0.734375
vn 0 0 -1
vn 1 0 0
vn 0 0 1
vn -1 0 0
vn 0 1 0
vn 0 -1 0
usemtl m_f8295811-6532-1899-a252-e3df10d168ac
f 20/52/13 23/51/13 21/50/13 18/49/13
f 19/56/14 20/55/14 18/54/14 17/53/14
f 24/60/15 19/59/15 17/58/15 22/57/15
f 23/64/16 24/63/16 22/62/16 21/61/16
f 22/68/17 17/67/17 18/66/17 21/65/17
f 23/72/18 20/71/18 19/70/18 24/69/18
o cube
v -0.2749999999999999 1.8430078286800953 0.6715492486957908
v -0.2749999999999999 2.01190538058401 0.4872299144932597
v -0.2749999999999999 1.1518103254206036 0.0381834290561095
v -0.2749999999999999 1.3207078773245189 -0.1461359051464216
v -0.5874999999999999 2.01190538058401 0.4872299144932597
v -0.5874999999999999 1.8430078286800953 0.6715492486957908
v -0.5874999999999999 1.3207078773245189 -0.1461359051464216
v -0.5874999999999999 1.1518103254206036 0.0381834290561095
vt 0.546875 0.8203125
vt 0.5859375 0.8203125
vt 0.5859375 0.703125
vt 0.546875 0.703125
vt 0.515625 0.8203125
vt 0.546875 0.8203125
vt 0.546875 0.703125
vt 0.515625 0.703125
vt 0.6171875 0.8203125
vt 0.65625 0.8203125
vt 0.65625 0.703125
vt 0.6171875 0.703125
vt 0.5859375 0.8203125
vt 0.6171875 0.8203125
vt 0.6171875 0.703125
vt 0.5859375 0.703125
vt 0.5859375 0.8203125
vt 0.546875 0.8203125
vt 0.546875 0.8515625
vt 0.5859375 0.8515625
vt 0.625 0.8515625
vt 0.5859375 0.8515625
vt 0.5859375 0.8203125
vt 0.625 0.8203125
vn 0 0.6755902076156601 -0.7372773368101242
vn 1 0 0
vn 0 -0.6755902076156601 0.7372773368101242
vn -1 0 0
vn 0 0.7372773368101242 0.6755902076156601
vn 0 -0.7372773368101242 -0.6755902076156601
usemtl m_f8295811-6532-1899-a252-e3df10d168ac
f 28/76/19 31/75/19 29/74/19 26/73/19
f 27/80/20 28/79/20 26/78/20 25/77/20
f 32/84/21 27/83/21 25/82/21 30/81/21
f 31/88/22 32/87/22 30/86/22 29/85/22
f 30/92/23 25/91/23 26/90/23 29/89/23
f 31/96/24 28/95/24 27/94/24 32/93/24
o cube
v 0.5187499999999998 2.7560622438513303 -0.23523008100468173
v 0.5187499999999998 2.2034106521769927 -0.6441707468962294
v 0.5187499999999998 2.038557257332526 0.7344222571148349
v 0.5187499999999998 1.4859056656581884 0.32548159122328724
v -0.6062500000000001 2.2034106521769927 -0.6441707468962294
v -0.6062500000000001 2.7560622438513303 -0.23523008100468173
v -0.6062500000000001 1.4859056656581884 0.32548159122328724
v -0.6062500000000001 2.038557257332526 0.7344222571148349
vt 0.0859375 0.9140625
vt 0.2265625 0.9140625
vt 0.2265625 0.765625
vt 0.0859375 0.765625
vt 0 0.9140625
vt 0.0859375 0.9140625
vt 0.0859375 0.765625
vt 0 0.765625
vt 0.3125 0.9140625
vt 0.453125 0.9140625
vt 0.453125 0.765625
vt 0.3125 0.765625
vt 0.2265625 0.9140625
vt 0.3125 0.9140625
vt 0.3125 0.765625
vt 0.2265625 0.765625
vt 0.2265625 0.9140625
vt 0.0859375 0.9140625
vt 0.0859375 1
vt 0.2265625 1
vt 0.3671875 1
vt 0.2265625 1
vt 0.2265625 0.9140625
vt 0.3671875 0.9140625
vn 0 -0.8038568606172173 -0.5948227867513414
vn 1 0 0
vn 0 0.8038568606172173 0.5948227867513414
vn -1 0 0
vn 0 0.5948227867513414 -0.8038568606172173
vn 0 -0.5948227867513414 0.8038568606172173
usemtl m_f8295811-6532-1899-a252-e3df10d168ac
f 36/100/25 39/99/25 37/98/25 34/97/25
f 35/104/26 36/103/26 34/102/26 33/101/26
f 40/108/27 35/107/27 33/106/27 38/105/27
f 39/112/28 40/111/28 38/110/28 37/109/28
f 38/116/29 33/115/29 34/114/29 37/113/29
f 39/120/30 36/119/30 35/118/30 40/117/30
o cube
v 0.25423189904023025 2.676657867284226 -0.3207146312080102
v 0.2958539946711506 2.8077417919570045 -0.6695836694554198
v 0.1333877626421418 1.775831656802794 -0.673608146603035
v 0.17500985827306226 1.9069155814755723 -1.0224771848504446
v -0.25880606789541727 2.895198630862148 -0.7028968248504102
v -0.30042816352633767 2.7641147061893694 -0.3540277866030006
v -0.3796502042935056 1.9943724203807163 -1.055790340245435
v -0.42127229992442605 1.8632884957079376 -0.7069213019980254
vt 0.046875 0.71875
vt 0.1171875 0.71875
vt 0.1171875 0.6015625
vt 0.046875 0.6015625
vt 0 0.71875
vt 0.046875 0.71875
vt 0.046875 0.6015625
vt 0 0.6015625
vt 0.1640625 0.71875
vt 0.234375 0.71875
vt 0.234375 0.6015625
vt 0.1640625 0.6015625
vt 0.1171875 0.71875
vt 0.1640625 0.71875
vt 0.1640625 0.6015625
vt 0.1171875 0.6015625
vt 0.1171875 0.71875
vt 0.046875 0.71875
vt 0.046875 0.765625
vt 0.1171875 0.765625
vt 0.1875 0.765625
vt 0.1171875 0.765625
vt 0.1171875 0.71875
vt 0.1875 0.71875
vn 0.11099225501578745 0.34955713246074177 -0.9303174353264234
vn 0.9860623334516764 -0.15547882472025518 0.059223387368871935
vn -0.11099225501578745 -0.34955713246074177 0.9303174353264234
vn -0.9860623334516764 0.15547882472025518 -0.059223387368871935
vn 0.1239427039980397 0.9239243184424965 0.3619420670718213
vn -0.1239427039980397 -0.9239243184424965 -0.3619420670718213
usemtl m_f8295811-6532-1899-a252-e3df10d168ac
f 44/124/31 47/123/31 45/122/31 42/121/31
f 43/128/32 44/127/32 42/126/32 41/125/32
f 48/132/33 43/131/33 41/130/33 46/129/33
f 47/136/34 48/135/34 46/134/34 45/133/34
f 46/140/35 41/139/35 42/138/35 45/137/35
f 47/144/36 44/143/36 43/142/36 48/141/36
o cube
v -0.6021444670876959 2.2514127423008388 -0.20489784477131517
v -0.6021444670876959 2.3421334531507143 -0.5687587421248147
v -0.8007545702942473 1.15849699246914 -0.47739234595270974
v -0.8007545702942473 1.2492177033190155 -0.8412532433062093
v -0.8421913568844215 2.383202911288012 -0.5585189761495907
v -0.8421913568844215 2.2924822004381364 -0.1946580787960911
v -1.040801460090973 1.2902871614563132 -0.8310134773309852
v -1.040801460090973 1.1995664506064376 -0.4671525799774856
vt 0.328125 0.53125
vt 0.3515625 0.53125
vt 0.3515625 0.390625
vt 0.328125 0.390625
vt 0.28125 0.53125
vt 0.328125 0.53125
vt 0.328125 0.390625
vt 0.28125 0.390625
vt 0.3984375 0.53125
vt 0.421875 0.53125
vt 0.421875 0.390625
vt 0.3984375 0.390625
vt 0.3515625 0.53125
vt 0.3984375 0.53125
vt 0.3984375 0.390625
vt 0.3515625 0.390625
vt 0.3515625 0.53125
vt 0.328125 0.53125
vt 0.328125 0.578125
vt 0.3515625 0.578125
vt 0.375 0.578125
vt 0.3515625 0.578125
vt 0.3515625 0.53125
vt 0.375 0.53125
vn -2.7755575615628914e-17 0.2419218955996675 -0.9702957262759965
vn 0.984807753012208 -0.16849008466583743 -0.04200929630861166
vn 2.7755575615628914e-17 -0.2419218955996675 0.9702957262759965
vn -0.984807753012208 0.16849008466583743 0.04200929630861166
vn 0.1736481776669303 0.9555547539512126 0.23824655840996262
vn -0.1736481776669303 -0.9555547539512126 -0.23824655840996262
usemtl m_f8295811-6532-1899-a252-e3df10d168ac
f 52/148/37 55/147/37 53/146/37 50/145/37
f 51/152/38 52/151/38 50/150/38 49/149/38
f 56/156/39 51/155/39 49/154/39 54/153/39
f 55/160/40 56/159/40 54/158/40 53/157/40
f 54/164/41 49/163/41 50/162/41 53/161/41
f 55/168/42 52/167/42 51/166/42 56/165/42
o cube
v -0.8143158067777325 1.2092270221604757 -0.46467951561376
v -0.8143158067777326 1.2999779732473014 -0.828661699933044
v -0.5667359433842851 0.12563898941850948 -0.7348483557220854
v -0.5667359433842851 0.216389940505335 -1.0988305400413694
v -1.0524099955141064 1.2487616790455152 -0.841431356279404
v -1.0524099955141064 1.1580107279586898 -0.47744917196012004
v -0.8048301321206589 0.16517364630354914 -1.1116001963877293
v -0.8048301321206589 0.07442269521672351 -0.7476180120684455
vt 0.1875 0.5546875
vt 0.2109375 0.5546875
vt 0.2109375 0.4140625
vt 0.1875 0.4140625
vt 0.140625 0.5546875
vt 0.1875 0.5546875
vt 0.1875 0.4140625
vt 0.140625 0.4140625
vt 0.2578125 0.5546875
vt 0.28125 0.5546875
vt 0.28125 0.4140625
vt 0.2578125 0.4140625
vt 0.2109375 0.5546875
vt 0.2578125 0.5546875
vt 0.2578125 0.4140625
vt 0.2109375 0.4140625
vt 0.2109375 0.5546875
vt 0.1875 0.5546875
vt 0.1875 0.6015625
vt 0.2109375 0.6015625
vt 0.234375 0.6015625
vt 0.2109375 0.6015625
vt 0.2109375 0.5546875
vt 0.234375 0.5546875
vn -3.469446951953614e-17 0.2419218955996676 -0.9702957262759965
vn 0.9762960071199335 0.21001043240096787 0.05236148168676604
vn 3.469446951953614e-17 -0.2419218955996676 0.9702957262759965
vn -0.9762960071199335 -0.21001043240096787 -0.05236148168676604
vn -0.2164396139381029 0.9472958432887914 0.2361873807088409
vn 0.2164396139381029 -0.9472958432887914 -0.2361873807088409
usemtl m_f8295811-6532-1899-a252-e3df10d168ac
f 60/172/43 63/171/43 61/170/43 58/169/43
f 59/176/44 60/175/44 58/174/44 57/173/44
f 64/180/45 59/179/45 57/178/45 62/177/45
f 63/184/46 64/183/46 62/182/46 61/181/46
f 62/188/47 57/187/47 58/186/47 61/185/47
f 63/192/48 60/191/48 59/190/48 64/189/48
o cube
v -0.7418767098486067 0.2789343328162879 -0.6989270459751924
v -0.7724326590661803 0.2767424149407307 -1.054108379188863
v -0.23134697839275004 0.2601427390896972 -0.7427315184046808
v -0.2619029276103237 0.25795082121414004 -1.0979128516183514
v -0.7812136877529122 0.03291094618886059 -1.0518482062953525
v -0.7506577385353386 0.03510286406441776 -0.696666873081682
v -0.27068395629705555 0.014119352462269807 -1.095652678724841
v -0.2401280070794819 0.01631127033782709 -0.7404713455111703
vt 0.6015625 0.5625
vt 0.625 0.5625
vt 0.625 0.5
vt 0.6015625 0.5
vt 0.5625 0.5625
vt 0.6015625 0.5625
vt 0.6015625 0.5
vt 0.5625 0.5
vt 0.6640625 0.5625
vt 0.6875 0.5625
vt 0.6875 0.5
vt 0.6640625 0.5
vt 0.625 0.5625
vt 0.6640625 0.5625
vt 0.6640625 0.5
vt 0.625 0.5
vt 0.625 0.5625
vt 0.6015625 0.5625
vt 0.6015625 0.6015625
vt 0.625 0.6015625
vt 0.6484375 0.6015625
vt 0.625 0.6015625
vt 0.625 0.5625
vt 0.6484375 0.5625
vn -0.08571093749670014 -0.006148437238589594 -0.9963010749331549
vn 0.03598782248660604 0.9993092981634024 -0.0092630036619279
vn 0.08571093749670014 0.006148437238589594 0.9963010749331549
vn -0.03598782248660604 -0.9993092981634024 0.0092630036619279
vn -0.9956698809475505 0.03664864695580836 0.08543046792684224
vn 0.9956698809475505 -0.03664864695580836 -0.08543046792684224
usemtl m_f8295811-6532-1899-a252-e3df10d168ac
f 68/196/49 71/195/49 69/194/49 66/193/49
f 67/200/50 68/199/50 66/198/50 65/197/50
f 72/204/51 67/203/51 65/202/51 70/201/51
f 71/208/52 72/207/52 70/206/52 69/205/52
f 70/212/53 65/211/53 66/210/53 69/209/53
f 71/216/54 68/215/54 67/214/54 72/213/54
o cube
v 0.7171913568844215 2.2924822004381364 -0.1946580787960911
v 0.7171913568844215 2.383202911288012 -0.5585189761495907
v 0.915801460090973 1.1995664506064376 -0.4671525799774856
v 0.915801460090973 1.2902871614563132 -0.8310134773309852
v 0.47714446708769587 2.3421334531507143 -0.5687587421248147
v 0.47714446708769587 2.2514127423008388 -0.20489784477131517
v 0.6757545702942473 1.2492177033190155 -0.8412532433062093
v 0.6757545702942473 1.15849699246914 -0.47739234595270974
vt 0.046875 0.5546875
vt 0.0703125 0.5546875
vt 0.0703125 0.4140625
vt 0.046875 0.4140625
vt 0 0.5546875
vt 0.046875 0.5546875
vt 0.046875 0.4140625
vt 0 0.4140625
vt 0.1171875 0.5546875
vt 0.140625 0.5546875
vt 0.140625 0.4140625
vt 0.1171875 0.4140625
vt 0.0703125 0.5546875
vt 0.1171875 0.5546875
vt 0.1171875 0.4140625
vt 0.0703125 0.4140625
vt 0.0703125 0.5546875
vt 0.046875 0.5546875
vt 0.046875 0.6015625
vt 0.0703125 0.6015625
vt 0.09375 0.6015625
vt 0.0703125 0.6015625
vt 0.0703125 0.5546875
vt 0.09375 0.5546875
vn 2.7755575615628914e-17 0.2419218955996675 -0.9702957262759965
vn 0.984807753012208 0.16849008466583743 0.04200929630861166
vn -2.7755575615628914e-17 -0.2419218955996675 0.9702957262759965
vn -0.984807753012208 -0.16849008466583743 -0.04200929630861166
vn -0.1736481776669303 0.9555547539512126 0.23824655840996262
vn 0.1736481776669303 -0.9555547539512126 -0.23824655840996262
usemtl m_f8295811-6532-1899-a252-e3df10d168ac
f 76/220/55 79/219/55 77/218/55 74/217/55
f 75/224/56 76/223/56 74/222/56 73/221/56
f 80/228/57 75/227/57 73/226/57 78/225/57
f 79/232/58 80/231/58 78/230/58 77/229/58
f 78/236/59 73/235/59 74/234/59 77/233/59
f 79/240/60 76/239/60 75/238/60 80/237/60
o cube
v 0.9274099955141064 1.1580107279586898 -0.47744917196012004
v 0.9274099955141064 1.2487616790455152 -0.841431356279404
v 0.6798301321206588 0.07442269521672351 -0.7476180120684455
v 0.6798301321206588 0.16517364630354914 -1.1116001963877293
v 0.6893158067777327 1.2999779732473014 -0.828661699933044
v 0.6893158067777325 1.2092270221604757 -0.46467951561376
v 0.4417359433842851 0.216389940505335 -1.0988305400413694
v 0.4417359433842851 0.12563898941850948 -0.7348483557220854
vt 0.421875 0.71875
vt 0.4453125 0.71875
vt 0.4453125 0.578125
vt 0.421875 0.578125
vt 0.375 0.71875
vt 0.421875 0.71875
vt 0.421875 0.578125
vt 0.375 0.578125
vt 0.4921875 0.71875
vt 0.515625 0.71875
vt 0.515625 0.578125
vt 0.4921875 0.578125
vt 0.4453125 0.71875
vt 0.4921875 0.71875
vt 0.4921875 0.578125
vt 0.4453125 0.578125
vt 0.4453125 0.71875
vt 0.421875 0.71875
vt 0.421875 0.765625
vt 0.4453125 0.765625
vt 0.46875 0.765625
vt 0.4453125 0.765625
vt 0.4453125 0.71875
vt 0.46875 0.71875
vn 3.469446951953614e-17 0.2419218955996676 -0.9702957262759965
vn 0.9762960071199335 -0.21001043240096787 -0.05236148168676604
vn -3.469446951953614e-17 -0.2419218955996676 0.9702957262759965
vn -0.9762960071199335 0.21001043240096787 0.05236148168676604
vn 0.2164396139381029 0.9472958432887914 0.2361873807088409
vn -0.2164396139381029 -0.9472958432887914 -0.2361873807088409
usemtl m_f8295811-6532-1899-a252-e3df10d168ac
f 84/244/61 87/243/61 85/242/61 82/241/61
f 83/248/62 84/247/62 82/246/62 81/245/62
f 88/252/63 83/251/63 81/250/63 86/249/63
f 87/256/64 88/255/64 86/254/64 85/253/64
f 86/260/65 81/259/65 82/258/65 85/257/65
f 87/264/66 84/263/66 83/262/66 88/261/66
o cube
v 0.6256577385353386 0.03510286406441776 -0.696666873081682
v 0.6562136877529121 0.03291094618886059 -1.0518482062953525
v 0.1151280070794819 0.01631127033782709 -0.7404713455111703
v 0.14568395629705555 0.014119352462269807 -1.095652678724841
v 0.6474326590661803 0.2767424149407307 -1.054108379188863
v 0.6168767098486065 0.2789343328162879 -0.6989270459751924
v 0.13690292761032374 0.2579508212141399 -1.0979128516183514
v 0.10634697839274998 0.2601427390896971 -0.7427315184046808
vt 0.5546875 0.6640625
vt 0.578125 0.6640625
vt 0.578125 0.6015625
vt 0.5546875 0.6015625
vt 0.515625 0.6640625
vt 0.5546875 0.6640625
vt 0.5546875 0.6015625
vt 0.515625 0.6015625
vt 0.6171875 0.6640625
vt 0.640625 0.6640625
vt 0.640625 0.6015625
vt 0.6171875 0.6015625
vt 0.578125 0.6640625
vt 0.6171875 0.6640625
vt 0.6171875 0.6015625
vt 0.578125 0.6015625
vt 0.578125 0.6640625
vt 0.5546875 0.6640625
vt 0.5546875 0.703125
vt 0.578125 0.703125
vt 0.6015625 0.703125
vt 0.578125 0.703125
vt 0.578125 0.6640625
vt 0.6015625 0.6640625
vn 0.08571093749670014 -0.006148437238589594 -0.9963010749331549
vn 0.03598782248660604 -0.9993092981634024 0.0092630036619279
vn -0.08571093749670014 0.006148437238589594 0.9963010749331549
vn -0.03598782248660604 0.9993092981634024 -0.0092630036619279
vn 0.9956698809475505 0.03664864695580836 0.08543046792684224
vn -0.9956698809475505 -0.03664864695580836 -0.08543046792684224
usemtl m_f8295811-6532-1899-a252-e3df10d168ac
f 92/268/67 95/267/67 93/266/67 90/265/67
f 91/272/68 92/271/68 90/270/68 89/269/68
f 96/276/69 91/275/69 89/274/69 94/273/69
f 95/280/70 96/279/70 94/278/70 93/277/70
f 94/284/71 89/283/71 90/282/71 93/281/71
f 95/288/72 92/287/72 91/286/72 96/285/72